           0
           0
           0
        2000
           0
        2000
           0
           0
           0
           0
           0
           0
           0
           0
        2000
           0
        2000
           0
           0
           0
           0
       45991
       78571
       94445
      125551
      127716
      146086
      152090
      156687
      160325
      160325
      156687
      152090
      146086
      127716
      125551
       94445
       78571
       45991
           0
           0
       70960
      132769
      176695
      207458
      245148
      259552
      286555
      293861
      300138
      300138
      293861
      286555
      259552
      245148
      207458
      176695
      132769
       70960
           0
           0
       97766
      176802
      239575
      291624
      332341
      366052
      384207
      404603
      413398
      413398
      404603
      384207
      366052
      332341
      291624
      239575
      176802
       97766
           0
           0
      116844
      211375
      292154
      350369
      411456
      447858
      476309
      493251
      515730
      515730
      493251
      476309
      447858
      411456
      350369
      292154
      211375
      116844
           0
           0
      132553
      240145
      332276
      410097
      461947
      516941
      550987
      581596
      588943
      588943
      581596
      550987
      516941
      461947
      410097
      332276
      240145
      132553
           0
           0
      141049
      262376
      361399
      442603
      515886
      564199
      613468
      630093
      655502
      655502
      630093
      613468
      564199
      515886
      442603
      361399
      262376
      141049
           0
           0
      154427
      283643
      384162
      479484
      547084
      607073
      644653
      684643
      697006
      697006
      684643
      644653
      607073
      547084
      479484
      384162
      283643
      154427
           0
           0
      162434
      295186
      411586
      497823
      575359
      626440
      681315
      714512
      734383
      734383
      714512
      681315
      626440
      575359
      497823
      411586
      295186
      162434
           0
           0
      163402
      300121
      412786
      515373
      587731
      656582
      692370
      734930
      749985
      749985
      734930
      692370
      656582
      587731
      515373
      412786
      300121
      163402
           0
           0
      163402
      300121
      412786
      515373
      587731
      656582
      692370
      734930
      749985
      749985
      734930
      692370
      656582
      587731
      515373
      412786
      300121
      163402
           0
           0
      162434
      295186
      411586
      497823
      575359
      626440
      681315
      714512
      734383
      734383
      714512
      681315
      626440
      575359
      497823
      411586
      295186
      162434
           0
           0
      154427
      283643
      384162
      479484
      547084
      607073
      644653
      684643
      697006
      697006
      684643
      644653
      607073
      547084
      479484
      384162
      283643
      154427
           0
           0
      141049
      262376
      361399
      442603
      515886
      564199
      613468
      630093
      655502
      655502
      630093
      613468
      564199
      515886
      442603
      361399
      262376
      141049
           0
           0
      132553
      240145
      332276
      410097
      461947
      516941
      550987
      581596
      588943
      588943
      581596
      550987
      516941
      461947
      410097
      332276
      240145
      132553
           0
           0
      116844
      211375
      292154
      350369
      411456
      447858
      476309
      493251
      515730
      515730
      493251
      476309
      447858
      411456
      350369
      292154
      211375
      116844
           0
           0
       97766
      176802
      239575
      291624
      332341
      366052
      384207
      404603
      413398
      413398
      404603
      384207
      366052
      332341
      291624
      239575
      176802
       97766
           0
           0
       70960
      132769
      176695
      207458
      245148
      259552
      286555
      293861
      300138
      300138
      293861
      286555
      259552
      245148
      207458
      176695
      132769
       70960
           0
           0
       45991
       78571
       94445
      125551
      127716
      146086
      152090
      156687
      160325
      160325
      156687
      152090
      146086
      127716
      125551
       94445
       78571
       45991
           0
           0
           0
           0
        2000
           0
        2000
           0
           0
           0
           0
           0
           0
           0
           0
        2000
           0
        2000
           0
           0
           0
           0
           0
        2000
           0
        2000
           0
        2000
           0
           0
           0
           0
           0
           0
        2000
           0
        2000
           0
        2000
           0
           0
           0
       47991
       70571
       98445
      117551
      133716
      138086
      156090
      156687
      160325
      160325
      156687
      156090
      138086
      133716
      117551
       98445
       70571
       47991
           0
           0
       70960
      134769
      176695
      211458
      237148
      267552
      278555
      295861
      300138
      300138
      295861
      278555
      267552
      237148
      211458
      176695
      134769
       70960
           0
           0
       97766
      176802
      239575
      291624
      338341
      358052
      388207
      404603
      415398
      415398
      404603
      388207
      358052
      338341
      291624
      239575
      176802
       97766
           0
           0
      116844
      211375
      292154
      354369
      403456
      453858
      476309
      497251
      509730
      509730
      497251
      476309
      453858
      403456
      354369
      292154
      211375
      116844
           0
           0
      132553
      240145
      334276
      402097
      469947
      508941
      556987
      573596
      594943
      594943
      573596
      556987
      508941
      469947
      402097
      334276
      240145
      132553
           0
           0
      141049
      262376
      361399
      448603
      507886
      572199
      605468
      638093
      649502
      649502
      638093
      605468
      572199
      507886
      448603
      361399
      262376
      141049
           0
           0
      154427
      283643
      388162
      471484
      555084
      599073
      652653
      676643
      703006
      703006
      676643
      652653
      599073
      555084
      471484
      388162
      283643
      154427
           0
           0
      162434
      297186
      403586
      505823
      567359
      634440
      673315
      722512
      728383
      728383
      722512
      673315
      634440
      567359
      505823
      403586
      297186
      162434
           0
           0
      163402
      300121
      416786
      509373
      593731
      650582
      698370
      728930
      753985
      753985
      728930
      698370
      650582
      593731
      509373
      416786
      300121
      163402
           0
           0
      163402
      300121
      416786
      509373
      593731
      650582
      698370
      728930
      753985
      753985
      728930
      698370
      650582
      593731
      509373
      416786
      300121
      163402
           0
           0
      162434
      297186
      403586
      505823
      567359
      634440
      673315
      722512
      728383
      728383
      722512
      673315
      634440
      567359
      505823
      403586
      297186
      162434
           0
           0
      154427
      283643
      388162
      471484
      555084
      599073
      652653
      676643
      703006
      703006
      676643
      652653
      599073
      555084
      471484
      388162
      283643
      154427
           0
           0
      141049
      262376
      361399
      448603
      507886
      572199
      605468
      638093
      649502
      649502
      638093
      605468
      572199
      507886
      448603
      361399
      262376
      141049
           0
           0
      132553
      240145
      334276
      402097
      469947
      508941
      556987
      573596
      594943
      594943
      573596
      556987
      508941
      469947
      402097
      334276
      240145
      132553
           0
           0
      116844
      211375
      292154
      354369
      403456
      453858
      476309
      497251
      509730
      509730
      497251
      476309
      453858
      403456
      354369
      292154
      211375
      116844
           0
           0
       97766
      176802
      239575
      291624
      338341
      358052
      388207
      404603
      415398
      415398
      404603
      388207
      358052
      338341
      291624
      239575
      176802
       97766
           0
           0
       70960
      134769
      176695
      211458
      237148
      267552
      278555
      295861
      300138
      300138
      295861
      278555
      267552
      237148
      211458
      176695
      134769
       70960
           0
           0
       47991
       70571
       98445
      117551
      133716
      138086
      156090
      156687
      160325
      160325
      156687
      156090
      138086
      133716
      117551
       98445
       70571
       47991
           0
           0
           0
        2000
           0
        2000
           0
        2000
           0
           0
           0
           0
           0
           0
        2000
           0
        2000
           0
        2000
           0
           0
           0
        2000
           0
           0
           0
        2000
           0
        2000
           0
           0
           0
           0
        2000
           0
        2000
           0
           0
           0
        2000
           0
        2000
       39991
       74571
       98445
      119551
      125716
      144086
      148090
      160687
      160325
      160325
      160687
      148090
      144086
      125716
      119551
       98445
       74571
       39991
        2000
           0
       74960
      126769
      178695
      211458
      243148
      259552
      284555
      287861
      302138
      302138
      287861
      284555
      259552
      243148
      211458
      178695
      126769
       74960
           0
           0
       97766
      178802
      239575
      293624
      330341
      364052
      388207
      406603
      415398
      415398
      406603
      388207
      364052
      330341
      293624
      239575
      178802
       97766
           0
           0
      116844
      211375
      294154
      354369
      409456
      445858
      480309
      497251
      511730
      511730
      497251
      480309
      445858
      409456
      354369
      294154
      211375
      116844
           0
           0
      132553
      242145
      326276
      408097
      461947
      516941
      548987
      579596
      588943
      588943
      579596
      548987
      516941
      461947
      408097
      326276
      242145
      132553
           0
           0
      141049
      262376
      365399
      440603
      515886
      564199
      613468
      630093
      655502
      655502
      630093
      613468
      564199
      515886
      440603
      365399
      262376
      141049
           0
           0
      154427
      283643
      388162
      477484
      547084
      607073
      644653
      684643
      697006
      697006
      684643
      644653
      607073
      547084
      477484
      388162
      283643
      154427
           0
           0
      162434
      297186
      405586
      497823
      575359
      626440
      681315
      714512
      734383
      734383
      714512
      681315
      626440
      575359
      497823
      405586
      297186
      162434
           0
           0
      163402
      300121
      416786
      513373
      587731
      656582
      692370
      734930
      749985
      749985
      734930
      692370
      656582
      587731
      513373
      416786
      300121
      163402
           0
           0
      163402
      300121
      416786
      513373
      587731
      656582
      692370
      734930
      749985
      749985
      734930
      692370
      656582
      587731
      513373
      416786
      300121
      163402
           0
           0
      162434
      297186
      405586
      497823
      575359
      626440
      681315
      714512
      734383
      734383
      714512
      681315
      626440
      575359
      497823
      405586
      297186
      162434
           0
           0
      154427
      283643
      388162
      477484
      547084
      607073
      644653
      684643
      697006
      697006
      684643
      644653
      607073
      547084
      477484
      388162
      283643
      154427
           0
           0
      141049
      262376
      365399
      440603
      515886
      564199
      613468
      630093
      655502
      655502
      630093
      613468
      564199
      515886
      440603
      365399
      262376
      141049
           0
           0
      132553
      242145
      326276
      408097
      461947
      516941
      548987
      579596
      588943
      588943
      579596
      548987
      516941
      461947
      408097
      326276
      242145
      132553
           0
           0
      116844
      211375
      294154
      354369
      409456
      445858
      480309
      497251
      511730
      511730
      497251
      480309
      445858
      409456
      354369
      294154
      211375
      116844
           0
           0
       97766
      178802
      239575
      293624
      330341
      364052
      388207
      406603
      415398
      415398
      406603
      388207
      364052
      330341
      293624
      239575
      178802
       97766
           0
           0
       74960
      126769
      178695
      211458
      243148
      259552
      284555
      287861
      302138
      302138
      287861
      284555
      259552
      243148
      211458
      178695
      126769
       74960
           0
        2000
       39991
       74571
       98445
      119551
      125716
      144086
      148090
      160687
      160325
      160325
      160687
      148090
      144086
      125716
      119551
       98445
       74571
       39991
        2000
           0
        2000
           0
           0
           0
        2000
           0
        2000
           0
           0
           0
           0
        2000
           0
        2000
           0
           0
           0
        2000
           0
           0
           0
           0
           0
        2000
           0
        2000
           0
        2000
           0
           0
        2000
           0
        2000
           0
        2000
           0
           0
           0
           0
           0
       39991
       74571
      100445
      111551
      131716
      136086
      154090
      152687
      164325
      164325
      152687
      154090
      136086
      131716
      111551
      100445
       74571
       39991
           0
           0
       74960
      126769
      178695
      215458
      235148
      265552
      276555
      293861
      296138
      296138
      293861
      276555
      265552
      235148
      215458
      178695
      126769
       74960
           0
           0
       97766
      178802
      241575
      293624
      334341
      364052
      392207
      406603
      417398
      417398
      406603
      392207
      364052
      334341
      293624
      241575
      178802
       97766
           0
           0
      116844
      213375
      286154
      360369
      401456
      451858
      472309
      501251
      511730
      511730
      501251
      472309
      451858
      401456
      360369
      286154
      213375
      116844
           0
           0
      132553
      242145
      332276
      400097
      469947
      508941
      556987
      571596
      592943
      592943
      571596
      556987
      508941
      469947
      400097
      332276
      242145
      132553
           0
           0
      141049
      264376
      357399
      446603
      507886
      572199
      605468
      638093
      649502
      649502
      638093
      605468
      572199
      507886
      446603
      357399
      264376
      141049
           0
           0
      154427
      283643
      390162
      477484
      553084
      599073
      652653
      676643
      703006
      703006
      676643
      652653
      599073
      553084
      477484
      390162
      283643
      154427
           0
           0
      162434
      297186
      405586
      499823
      567359
      634440
      673315
      722512
      728383
      728383
      722512
      673315
      634440
      567359
      499823
      405586
      297186
      162434
           0
           0
      163402
      300121
      416786
      513373
      591731
      650582
      698370
      728930
      753985
      753985
      728930
      698370
      650582
      591731
      513373
      416786
      300121
      163402
           0
           0
      163402
      300121
      416786
      513373
      591731
      650582
      698370
      728930
      753985
      753985
      728930
      698370
      650582
      591731
      513373
      416786
      300121
      163402
           0
           0
      162434
      297186
      405586
      499823
      567359
      634440
      673315
      722512
      728383
      728383
      722512
      673315
      634440
      567359
      499823
      405586
      297186
      162434
           0
           0
      154427
      283643
      390162
      477484
      553084
      599073
      652653
      676643
      703006
      703006
      676643
      652653
      599073
      553084
      477484
      390162
      283643
      154427
           0
           0
      141049
      264376
      357399
      446603
      507886
      572199
      605468
      638093
      649502
      649502
      638093
      605468
      572199
      507886
      446603
      357399
      264376
      141049
           0
           0
      132553
      242145
      332276
      400097
      469947
      508941
      556987
      571596
      592943
      592943
      571596
      556987
      508941
      469947
      400097
      332276
      242145
      132553
           0
           0
      116844
      213375
      286154
      360369
      401456
      451858
      472309
      501251
      511730
      511730
      501251
      472309
      451858
      401456
      360369
      286154
      213375
      116844
           0
           0
       97766
      178802
      241575
      293624
      334341
      364052
      392207
      406603
      417398
      417398
      406603
      392207
      364052
      334341
      293624
      241575
      178802
       97766
           0
           0
       74960
      126769
      178695
      215458
      235148
      265552
      276555
      293861
      296138
      296138
      293861
      276555
      265552
      235148
      215458
      178695
      126769
       74960
           0
           0
       39991
       74571
      100445
      111551
      131716
      136086
      154090
      152687
      164325
      164325
      152687
      154090
      136086
      131716
      111551
      100445
       74571
       39991
           0
           0
           0
           0
           0
        2000
           0
        2000
           0
        2000
           0
           0
        2000
           0
        2000
           0
        2000
           0
           0
           0
           0
           0
           0
           0
           0
           0
        2000
           0
        2000
           0
        2000
        2000
           0
        2000
           0
        2000
           0
           0
           0
           0
           0
           0
       39991
       74571
      100445
      115551
      123716
      142086
      146090
      158687
      158325
      158325
      158687
      146090
      142086
      123716
      115551
      100445
       74571
       39991
           0
           0
       74960
      126769
      180695
      207458
      243148
      257552
      284555
      285861
      300138
      300138
      285861
      284555
      257552
      243148
      207458
      180695
      126769
       74960
           0
           0
       97766
      178802
      241575
      299624
      326341
      372052
      384207
      412603
      417398
      417398
      412603
      384207
      372052
      326341
      299624
      241575
      178802
       97766
           0
           0
      116844
      213375
      290154
      352369
      409456
      443858
      480309
      493251
      515730
      515730
      493251
      480309
      443858
      409456
      352369
      290154
      213375
      116844
           0
           0
      132553
      244145
      324276
      408097
      461947
      516941
      548987
      579596
      586943
      586943
      579596
      548987
      516941
      461947
      408097
      324276
      244145
      132553
           0
           0
      141049
      264376
      361399
      438603
      515886
      564199
      613468
      630093
      655502
      655502
      630093
      613468
      564199
      515886
      438603
      361399
      264376
      141049
           0
           0
      154427
      283643
      390162
      481484
      545084
      607073
      644653
      684643
      697006
      697006
      684643
      644653
      607073
      545084
      481484
      390162
      283643
      154427
           0
           0
      162434
      297186
      405586
      499823
      573359
      626440
      681315
      714512
      734383
      734383
      714512
      681315
      626440
      573359
      499823
      405586
      297186
      162434
           0
           0
      163402
      300121
      416786
      515373
      585731
      656582
      692370
      734930
      749985
      749985
      734930
      692370
      656582
      585731
      515373
      416786
      300121
      163402
           0
           0
      163402
      300121
      416786
      515373
      585731
      656582
      692370
      734930
      749985
      749985
      734930
      692370
      656582
      585731
      515373
      416786
      300121
      163402
           0
           0
      162434
      297186
      405586
      499823
      573359
      626440
      681315
      714512
      734383
      734383
      714512
      681315
      626440
      573359
      499823
      405586
      297186
      162434
           0
           0
      154427
      283643
      390162
      481484
      545084
      607073
      644653
      684643
      697006
      697006
      684643
      644653
      607073
      545084
      481484
      390162
      283643
      154427
           0
           0
      141049
      264376
      361399
      438603
      515886
      564199
      613468
      630093
      655502
      655502
      630093
      613468
      564199
      515886
      438603
      361399
      264376
      141049
           0
           0
      132553
      244145
      324276
      408097
      461947
      516941
      548987
      579596
      586943
      586943
      579596
      548987
      516941
      461947
      408097
      324276
      244145
      132553
           0
           0
      116844
      213375
      290154
      352369
      409456
      443858
      480309
      493251
      515730
      515730
      493251
      480309
      443858
      409456
      352369
      290154
      213375
      116844
           0
           0
       97766
      178802
      241575
      299624
      326341
      372052
      384207
      412603
      417398
      417398
      412603
      384207
      372052
      326341
      299624
      241575
      178802
       97766
           0
           0
       74960
      126769
      180695
      207458
      243148
      257552
      284555
      285861
      300138
      300138
      285861
      284555
      257552
      243148
      207458
      180695
      126769
       74960
           0
           0
       39991
       74571
      100445
      115551
      123716
      142086
      146090
      158687
      158325
      158325
      158687
      146090
      142086
      123716
      115551
      100445
       74571
       39991
           0
           0
           0
           0
           0
           0
        2000
           0
        2000
           0
        2000
        2000
           0
        2000
           0
        2000
           0
           0
           0
           0
           0
           0
           0
           0
           0
           0
           0
        2000
           0
        2000
           0
           0
        2000
           0
        2000
           0
           0
           0
           0
           0
           0
           0
       39991
       74571
      102445
      115551
      127716
      134086
      152090
      150687
      160325
      160325
      150687
      152090
      134086
      127716
      115551
      102445
       74571
       39991
           0
           0
       74960
      128769
      172695
      213458
      235148
      265552
      276555
      291861
      300138
      300138
      291861
      276555
      265552
      235148
      213458
      172695
      128769
       74960
           0
           0
       97766
      178802
      245575
      291624
      334341
      364052
      392207
      404603
      421398
      421398
      404603
      392207
      364052
      334341
      291624
      245575
      178802
       97766
           0
           0
      116844
      215375
      290154
      358369
      401456
      451858
      472309
      501251
      509730
      509730
      501251
      472309
      451858
      401456
      358369
      290154
      215375
      116844
           0
           0
      134553
      236145
      328276
      400097
      469947
      508941
      556987
      571596
      592943
      592943
      571596
      556987
      508941
      469947
      400097
      328276
      236145
      134553
           0
           0
      141049
      266376
      361399
      444603
      507886
      572199
      605468
      638093
      649502
      649502
      638093
      605468
      572199
      507886
      444603
      361399
      266376
      141049
           0
           0
      154427
      283643
      392162
      473484
      551084
      599073
      652653
      676643
      703006
      703006
      676643
      652653
      599073
      551084
      473484
      392162
      283643
      154427
           0
           0
      162434
      297186
      405586
      503823
      573359
      632440
      673315
      722512
      728383
      728383
      722512
      673315
      632440
      573359
      503823
      405586
      297186
      162434
           0
           0
      163402
      300121
      418786
      509373
      589731
      650582
      698370
      728930
      753985
      753985
      728930
      698370
      650582
      589731
      509373
      418786
      300121
      163402
           0
           0
      163402
      300121
      418786
      509373
      589731
      650582
      698370
      728930
      753985
      753985
      728930
      698370
      650582
      589731
      509373
      418786
      300121
      163402
           0
           0
      162434
      297186
      405586
      503823
      573359
      632440
      673315
      722512
      728383
      728383
      722512
      673315
      632440
      573359
      503823
      405586
      297186
      162434
           0
           0
      154427
      283643
      392162
      473484
      551084
      599073
      652653
      676643
      703006
      703006
      676643
      652653
      599073
      551084
      473484
      392162
      283643
      154427
           0
           0
      141049
      266376
      361399
      444603
      507886
      572199
      605468
      638093
      649502
      649502
      638093
      605468
      572199
      507886
      444603
      361399
      266376
      141049
           0
           0
      134553
      236145
      328276
      400097
      469947
      508941
      556987
      571596
      592943
      592943
      571596
      556987
      508941
      469947
      400097
      328276
      236145
      134553
           0
           0
      116844
      215375
      290154
      358369
      401456
      451858
      472309
      501251
      509730
      509730
      501251
      472309
      451858
      401456
      358369
      290154
      215375
      116844
           0
           0
       97766
      178802
      245575
      291624
      334341
      364052
      392207
      404603
      421398
      421398
      404603
      392207
      364052
      334341
      291624
      245575
      178802
       97766
           0
           0
       74960
      128769
      172695
      213458
      235148
      265552
      276555
      291861
      300138
      300138
      291861
      276555
      265552
      235148
      213458
      172695
      128769
       74960
           0
           0
       39991
       74571
      102445
      115551
      127716
      134086
      152090
      150687
      160325
      160325
      150687
      152090
      134086
      127716
      115551
      102445
       74571
       39991
           0
           0
           0
           0
           0
           0
           0
        2000
           0
        2000
           0
           0
        2000
           0
        2000
           0
           0
           0
           0
           0
           0
           0
           0
           0
        2000
           0
           0
           0
        2000
           0
           0
           0
           0
        2000
           0
           0
           0
        2000
           0
           0
           0
           0
       39991
       76571
       94445
      117551
      127716
      138086
      144090
      152687
      160325
      160325
      152687
      144090
      138086
      127716
      117551
       94445
       76571
       39991
           0
           0
       74960
      128769
      176695
      213458
      239148
      257552
      282555
      291861
      302138
      302138
      291861
      282555
      257552
      239148
      213458
      176695
      128769
       74960
           0
           0
       97766
      180802
      237575
      297624
      326341
      372052
      384207
      410603
      415398
      415398
      410603
      384207
      372052
      326341
      297624
      237575
      180802
       97766
           0
           0
      118844
      215375
      294154
      350369
      409456
      443858
      480309
      493251
      515730
      515730
      493251
      480309
      443858
      409456
      350369
      294154
      215375
      118844
           0
        2000
      126553
      240145
      328276
      404097
      461947
      516941
      548987
      579596
      586943
      586943
      579596
      548987
      516941
      461947
      404097
      328276
      240145
      126553
        2000
           0
      145049
      258376
      365399
      444603
      513886
      564199
      613468
      630093
      655502
      655502
      630093
      613468
      564199
      513886
      444603
      365399
      258376
      145049
           0
           0
      154427
      287643
      384162
      479484
      543084
      605073
      644653
      684643
      697006
      697006
      684643
      644653
      605073
      543084
      479484
      384162
      287643
      154427
           0
           0
      162434
      297186
      411586
      495823
      577359
      632440
      679315
      714512
      734383
      734383
      714512
      679315
      632440
      577359
      495823
      411586
      297186
      162434
           0
           0
      163402
      302121
      412786
      513373
      589731
      652582
      692370
      734930
      749985
      749985
      734930
      692370
      652582
      589731
      513373
      412786
      302121
      163402
           0
           0
      163402
      302121
      412786
      513373
      589731
      652582
      692370
      734930
      749985
      749985
      734930
      692370
      652582
      589731
      513373
      412786
      302121
      163402
           0
           0
      162434
      297186
      411586
      495823
      577359
      632440
      679315
      714512
      734383
      734383
      714512
      679315
      632440
      577359
      495823
      411586
      297186
      162434
           0
           0
      154427
      287643
      384162
      479484
      543084
      605073
      644653
      684643
      697006
      697006
      684643
      644653
      605073
      543084
      479484
      384162
      287643
      154427
           0
           0
      145049
      258376
      365399
      444603
      513886
      564199
      613468
      630093
      655502
      655502
      630093
      613468
      564199
      513886
      444603
      365399
      258376
      145049
           0
        2000
      126553
      240145
      328276
      404097
      461947
      516941
      548987
      579596
      586943
      586943
      579596
      548987
      516941
      461947
      404097
      328276
      240145
      126553
        2000
           0
      118844
      215375
      294154
      350369
      409456
      443858
      480309
      493251
      515730
      515730
      493251
      480309
      443858
      409456
      350369
      294154
      215375
      118844
           0
           0
       97766
      180802
      237575
      297624
      326341
      372052
      384207
      410603
      415398
      415398
      410603
      384207
      372052
      326341
      297624
      237575
      180802
       97766
           0
           0
       74960
      128769
      176695
      213458
      239148
      257552
      282555
      291861
      302138
      302138
      291861
      282555
      257552
      239148
      213458
      176695
      128769
       74960
           0
           0
       39991
       76571
       94445
      117551
      127716
      138086
      144090
      152687
      160325
      160325
      152687
      144090
      138086
      127716
      117551
       94445
       76571
       39991
           0
           0
           0
           0
        2000
           0
           0
           0
        2000
           0
           0
           0
           0
        2000
           0
           0
           0
        2000
           0
           0
           0
           0
           0
        2000
           0
           0
           0
           0
           0
           0
           0
           0
           0
           0
           0
           0
           0
           0
        2000
           0
           0
           0
       41991
       68571
       96445
      117551
      127716
      138086
      146090
      152687
      160325
      160325
      152687
      146090
      138086
      127716
      117551
       96445
       68571
       41991
           0
           0
       74960
      132769
      176695
      215458
      239148
      261552
      274555
      295861
      302138
      302138
      295861
      274555
      261552
      239148
      215458
      176695
      132769
       74960
           0
           0
       99766
      172802
      243575
      289624
      332341
      364052
      392207
      402603
      419398
      419398
      402603
      392207
      364052
      332341
      289624
      243575
      172802
       99766
           0
           0
      118844
      219375
      286154
      356369
      401456
      451858
      472309
      501251
      509730
      509730
      501251
      472309
      451858
      401456
      356369
      286154
      219375
      118844
           0
           0
      128553
      240145
      332276
      404097
      467947
      508941
      556987
      571596
      592943
      592943
      571596
      556987
      508941
      467947
      404097
      332276
      240145
      128553
           0
        2000
      137049
      264376
      357399
      450603
      505886
      570199
      605468
      638093
      649502
      649502
      638093
      605468
      570199
      505886
      450603
      357399
      264376
      137049
        2000
           0
      158427
      279643
      392162
      471484
      549084
      605073
      648653
      676643
      703006
      703006
      676643
      648653
      605073
      549084
      471484
      392162
      279643
      158427
           0
           0
      162434
      301186
      403586
      503823
      569359
      636440
      679315
      720512
      728383
      728383
      720512
      679315
      636440
      569359
      503823
      403586
      301186
      162434
           0
           0
      163402
      302121
      416786
      507373
      595731
      646582
      696370
      728930
      753985
      753985
      728930
      696370
      646582
      595731
      507373
      416786
      302121
      163402
           0
           0
      163402
      302121
      416786
      507373
      595731
      646582
      696370
      728930
      753985
      753985
      728930
      696370
      646582
      595731
      507373
      416786
      302121
      163402
           0
           0
      162434
      301186
      403586
      503823
      569359
      636440
      679315
      720512
      728383
      728383
      720512
      679315
      636440
      569359
      503823
      403586
      301186
      162434
           0
           0
      158427
      279643
      392162
      471484
      549084
      605073
      648653
      676643
      703006
      703006
      676643
      648653
      605073
      549084
      471484
      392162
      279643
      158427
           0
        2000
      137049
      264376
      357399
      450603
      505886
      570199
      605468
      638093
      649502
      649502
      638093
      605468
      570199
      505886
      450603
      357399
      264376
      137049
        2000
           0
      128553
      240145
      332276
      404097
      467947
      508941
      556987
      571596
      592943
      592943
      571596
      556987
      508941
      467947
      404097
      332276
      240145
      128553
           0
           0
      118844
      219375
      286154
      356369
      401456
      451858
      472309
      501251
      509730
      509730
      501251
      472309
      451858
      401456
      356369
      286154
      219375
      118844
           0
           0
       99766
      172802
      243575
      289624
      332341
      364052
      392207
      402603
      419398
      419398
      402603
      392207
      364052
      332341
      289624
      243575
      172802
       99766
           0
           0
       74960
      132769
      176695
      215458
      239148
      261552
      274555
      295861
      302138
      302138
      295861
      274555
      261552
      239148
      215458
      176695
      132769
       74960
           0
           0
       41991
       68571
       96445
      117551
      127716
      138086
      146090
      152687
      160325
      160325
      152687
      146090
      138086
      127716
      117551
       96445
       68571
       41991
           0
           0
           0
        2000
           0
           0
           0
           0
           0
           0
           0
           0
           0
           0
           0
           0
           0
           0
        2000
           0
           0
           0
           0
           0
           0
           0
           0
           0
           0
           0
           0
           0
           0
           0
           0
           0
           0
           0
           0
           0
           0
           0
       41991
       68571
       96445
      117551
      127716
      138086
      146090
      154687
      160325
      160325
      154687
      146090
      138086
      127716
      117551
       96445
       68571
       41991
           0
           0
       74960
      132769
      178695
      215458
      239148
      261552
      278555
      287861
      306138
      306138
      287861
      278555
      261552
      239148
      215458
      178695
      132769
       74960
           0
           0
       99766
      176802
      235575
      293624
      332341
      368052
      384207
      410603
      413398
      413398
      410603
      384207
      368052
      332341
      293624
      235575
      176802
       99766
           0
           0
      120844
      211375
      294154
      348369
      407456
      443858
      480309
      493251
      515730
      515730
      493251
      480309
      443858
      407456
      348369
      294154
      211375
      120844
           0
           0
      128553
      246145
      324276
      412097
      459947
      516941
      548987
      579596
      586943
      586943
      579596
      548987
      516941
      459947
      412097
      324276
      246145
      128553
           0
           0
      141049
      256376
      365399
      442603
      513886
      562199
      611468
      630093
      655502
      655502
      630093
      611468
      562199
      513886
      442603
      365399
      256376
      141049
           0
        2000
      150427
      287643
      384162
      479484
      541084
      611073
      648653
      682643
      697006
      697006
      682643
      648653
      611073
      541084
      479484
      384162
      287643
      150427
        2000
           0
      166434
      293186
      409586
      495823
      577359
      628440
      683315
      712512
      734383
      734383
      712512
      683315
      628440
      577359
      495823
      409586
      293186
      166434
           0
           0
      163402
      304121
      416786
      511373
      589731
      650582
      696370
      732930
      749985
      749985
      732930
      696370
      650582
      589731
      511373
      416786
      304121
      163402
           0
           0
      163402
      304121
      416786
      511373
      589731
      650582
      696370
      732930
      749985
      749985
      732930
      696370
      650582
      589731
      511373
      416786
      304121
      163402
           0
           0
      166434
      293186
      409586
      495823
      577359
      628440
      683315
      712512
      734383
      734383
      712512
      683315
      628440
      577359
      495823
      409586
      293186
      166434
           0
        2000
      150427
      287643
      384162
      479484
      541084
      611073
      648653
      682643
      697006
      697006
      682643
      648653
      611073
      541084
      479484
      384162
      287643
      150427
        2000
           0
      141049
      256376
      365399
      442603
      513886
      562199
      611468
      630093
      655502
      655502
      630093
      611468
      562199
      513886
      442603
      365399
      256376
      141049
           0
           0
      128553
      246145
      324276
      412097
      459947
      516941
      548987
      579596
      586943
      586943
      579596
      548987
      516941
      459947
      412097
      324276
      246145
      128553
           0
           0
      120844
      211375
      294154
      348369
      407456
      443858
      480309
      493251
      515730
      515730
      493251
      480309
      443858
      407456
      348369
      294154
      211375
      120844
           0
           0
       99766
      176802
      235575
      293624
      332341
      368052
      384207
      410603
      413398
      413398
      410603
      384207
      368052
      332341
      293624
      235575
      176802
       99766
           0
           0
       74960
      132769
      178695
      215458
      239148
      261552
      278555
      287861
      306138
      306138
      287861
      278555
      261552
      239148
      215458
      178695
      132769
       74960
           0
           0
       41991
       68571
       96445
      117551
      127716
      138086
      146090
      154687
      160325
      160325
      154687
      146090
      138086
      127716
      117551
       96445
       68571
       41991
           0
           0
           0
           0
           0
           0
           0
           0
           0
           0
           0
           0
           0
           0
           0
           0
           0
           0
           0
           0
           0
           0
           0
           0
           0
           0
           0
           0
           0
           0
           0
           0
           0
           0
           0
           0
           0
           0
           0
           0
           0
           0
       41991
       68571
       96445
      117551
      127716
      138086
      146090
      154687
      162325
      162325
      154687
      146090
      138086
      127716
      117551
       96445
       68571
       41991
           0
           0
       74960
      132769
      178695
      217458
      239148
      263552
      278555
      291861
      300138
      300138
      291861
      278555
      263552
      239148
      217458
      178695
      132769
       74960
           0
           0
      101766
      176802
      239575
      285624
      338341
      360052
      390207
      402603
      419398
      419398
      402603
      390207
      360052
      338341
      285624
      239575
      176802
      101766
           0
        2000
      112844
      217375
      286154
      356369
      399456
      451858
      472309
      501251
      509730
      509730
      501251
      472309
      451858
      399456
      356369
      286154
      217375
      112844
        2000
           0
      132553
      238145
      332276
      404097
      467947
      508941
      556987
      571596
      592943
      592943
      571596
      556987
      508941
      467947
      404097
      332276
      238145
      132553
           0
           0
      141049
      262376
      357399
      450603
      505886
      570199
      603468
      638093
      649502
      649502
      638093
      603468
      570199
      505886
      450603
      357399
      262376
      141049
           0
           0
      154427
      279643
      392162
      471484
      549084
      603073
      656653
      674643
      703006
      703006
      674643
      656653
      603073
      549084
      471484
      392162
      279643
      154427
           0
        2000
      158434
      299186
      401586
      501823
      569359
      634440
      675315
      718512
      728383
      728383
      718512
      675315
      634440
      569359
      501823
      401586
      299186
      158434
        2000
           0
      165402
      304121
      418786
      511373
      591731
      650582
      698370
      732930
      751985
      751985
      732930
      698370
      650582
      591731
      511373
      418786
      304121
      165402
           0
           0
      165402
      304121
      418786
      511373
      591731
      650582
      698370
      732930
      751985
      751985
      732930
      698370
      650582
      591731
      511373
      418786
      304121
      165402
           0
        2000
      158434
      299186
      401586
      501823
      569359
      634440
      675315
      718512
      728383
      728383
      718512
      675315
      634440
      569359
      501823
      401586
      299186
      158434
        2000
           0
      154427
      279643
      392162
      471484
      549084
      603073
      656653
      674643
      703006
      703006
      674643
      656653
      603073
      549084
      471484
      392162
      279643
      154427
           0
           0
      141049
      262376
      357399
      450603
      505886
      570199
      603468
      638093
      649502
      649502
      638093
      603468
      570199
      505886
      450603
      357399
      262376
      141049
           0
           0
      132553
      238145
      332276
      404097
      467947
      508941
      556987
      571596
      592943
      592943
      571596
      556987
      508941
      467947
      404097
      332276
      238145
      132553
           0
        2000
      112844
      217375
      286154
      356369
      399456
      451858
      472309
      501251
      509730
      509730
      501251
      472309
      451858
      399456
      356369
      286154
      217375
      112844
        2000
           0
      101766
      176802
      239575
      285624
      338341
      360052
      390207
      402603
      419398
      419398
      402603
      390207
      360052
      338341
      285624
      239575
      176802
      101766
           0
           0
       74960
      132769
      178695
      217458
      239148
      263552
      278555
      291861
      300138
      300138
      291861
      278555
      263552
      239148
      217458
      178695
      132769
       74960
           0
           0
       41991
       68571
       96445
      117551
      127716
      138086
      146090
      154687
      162325
      162325
      154687
      146090
      138086
      127716
      117551
       96445
       68571
       41991
           0
           0
           0
           0
           0
           0
           0
           0
           0
           0
           0
           0
           0
           0
           0
           0
           0
           0
           0
           0
           0
